Code,"Continent, Region, Country",century,decade,year,height_cm,year_decade,height_in
56,Belgium,18,1,0,163.1,1810,64.21247
280,Federal Republic of Germany (until 1990),18,1,0,167.8,1810,66.06286
250,France,18,1,0,163.9,1810,64.52743
276,Germany,18,1,0,167.8,1810,66.06286
528,Netherlands,18,1,0,166,1810,65.3542
246,Finland,18,1,0,171.9,1810,67.67703
372,Ireland,18,1,0,168,1810,66.1416
578,Norway,18,1,0,168.6,1810,66.37782
826,United Kingdom of Great Britain and Northern Ireland,18,1,0,169.7,1810,66.81089
191,Croatia,18,1,0,163.2,1810,64.25184
380,Italy,18,1,0,164.1,1810,64.60616999999999
620,Portugal,18,1,0,165.493,1810,65.1545941
203,Czech Republic,18,1,0,164,1810,64.5668
348,Hungary,18,1,0,164.7,1810,64.84239
643,Russian Federation,18,1,0,159.8,1810,62.91326
124,Canada,18,1,0,171.5,1810,67.51955
484,Mexico,18,1,0,161.26,1810,63.48806199999999
32,Argentina,18,1,0,168.8,1810,66.45656000000001
76,Brazil,18,1,0,164.3,1810,64.68491
604,Peru,18,1,0,163.4,1810,64.33058
156,China,18,1,0,165.7,1810,65.23608999999999
360,Indonesia,18,1,0,161.277,1810,63.4947549
NA,Indonesia (until 1999),18,1,0,161.277,1810,63.4947549
204,Benin,18,1,0,164.9,1810,64.92113
854,Burkina Faso,18,1,0,166.29,1810,65.468373
384,Cote d'Ivoire,18,1,0,165.1,1810,64.99987
288,Ghana,18,1,0,164.1,1810,64.60616999999999
624,Guinea-Bissau,18,1,0,165.4,1810,65.11798
566,Nigeria,18,1,0,165.2,1810,65.03923999999999
686,Senegal,18,1,0,165.4,1810,65.11798
694,Sierra Leone,18,1,0,164.682,1810,64.8353034
24,Angola,18,1,0,160.5,1810,63.18885
120,Cameroon,18,1,0,165.9,1810,65.31483
178,Congo,18,1,0,163.3,1810,64.29121
180,Democratic Republic of the Congo,18,1,0,163.3,1810,64.29121
266,Gabon,18,1,0,165.4,1810,65.11798
508,Mozambique,18,1,0,164.1,1810,64.60616999999999
40,Austria,18,2,0,163.7,1820,64.44869
56,Belgium,18,2,0,163.7,1820,64.44869
280,Federal Republic of Germany (until 1990),18,2,0,167.3,1820,65.86601
250,France,18,2,0,163.9,1820,64.52743
276,Germany,18,2,0,167.3,1820,65.86601
528,Netherlands,18,2,0,165.1,1820,64.99987
756,Switzerland,18,2,0,167.6,1820,65.98411999999999
208,Denmark,18,2,0,166.95,1820,65.72821499999999
246,Finland,18,2,0,170.05,1820,66.948685
372,Ireland,18,2,0,165.4,1820,65.11798
578,Norway,18,2,0,167.5,1820,65.94475
826,United Kingdom of Great Britain and Northern Ireland,18,2,0,169.1,1820,66.57467
191,Croatia,18,2,0,163.6,1820,64.40932
380,Italy,18,2,0,165.8,1820,65.27546000000001
620,Portugal,18,2,0,166.338,1820,65.4872706
203,Czech Republic,18,2,0,163,1820,64.1731
348,Hungary,18,2,0,164.3,1820,64.68491
643,Russian Federation,18,2,0,162.1,1820,63.818769999999994
804,Ukraine,18,2,0,164.1,1820,64.60616999999999
124,Canada,18,2,0,171.5,1820,67.51955
840,United States of America,18,2,0,172.2,1820,67.79513999999999
484,Mexico,18,2,0,160.36,1820,63.133732
32,Argentina,18,2,0,169.9,1820,66.88963
76,Brazil,18,2,0,164.3,1820,64.68491
604,Peru,18,2,0,162.6,1820,64.01562
156,China,18,2,0,165.8,1820,65.27546000000001
854,Burkina Faso,18,2,0,165.36,1820,65.102232
566,Nigeria,18,2,0,162.239,1820,63.8734943
694,Sierra Leone,18,2,0,162.16,1820,63.842392
40,Austria,18,3,0,163.4,1830,64.33058
56,Belgium,18,3,0,164,1830,64.5668
280,Federal Republic of Germany (until 1990),18,3,0,166.8,1830,65.66916
250,France,18,3,0,164,1830,64.5668
276,Germany,18,3,0,166.8,1830,65.66916
528,Netherlands,18,3,0,164.2,1830,64.64554
756,Switzerland,18,3,0,166.3,1830,65.47231000000001
208,Denmark,18,3,0,165.4,1830,65.11798
246,Finland,18,3,0,169.5,1830,66.73215
372,Ireland,18,3,0,168.1,1830,66.18097
578,Norway,18,3,0,168.9,1830,66.49593
752,Sweden,18,3,0,168.1,1830,66.18097
826,United Kingdom of Great Britain and Northern Ireland,18,3,0,166.7,1830,65.62979
191,Croatia,18,3,0,163.5,1830,64.36995
380,Italy,18,3,0,164.1,1830,64.60616999999999
620,Portugal,18,3,0,165.292,1830,65.0754604
724,Spain,18,3,0,161,1830,63.3857
203,Czech Republic,18,3,0,163.5,1830,64.36995
348,Hungary,18,3,0,164.1,1830,64.60616999999999
643,Russian Federation,18,3,0,163,1830,64.1731
804,Ukraine,18,3,0,164.8,1830,64.88176
124,Canada,18,3,0,171.5,1830,67.51955
840,United States of America,18,3,0,173.5,1830,68.30695
484,Mexico,18,3,0,160.36,1830,63.133732
32,Argentina,18,3,0,170.9,1830,67.28333
76,Brazil,18,3,0,164.8,1830,64.88176
604,Peru,18,3,0,162.5,1830,63.97625
156,China,18,3,0,165.8,1830,65.27546000000001
704,Viet Nam,18,3,0,157.9,1830,62.16523
854,Burkina Faso,18,3,0,166.72,1830,65.637664
40,Austria,18,4,0,164.8,1840,64.88176
56,Belgium,18,4,0,165.1,1840,64.99987
280,Federal Republic of Germany (until 1990),18,4,0,166.6,1840,65.59042
250,France,18,4,0,164.3,1840,64.68491
276,Germany,18,4,0,166.6,1840,65.59042
528,Netherlands,18,4,0,164.5,1840,64.76365
233,Estonia,18,4,0,166.7,1840,65.62979
372,Ireland,18,4,0,160.9,1840,63.34633
428,Latvia,18,4,0,166.5,1840,65.55105
440,Lithuania,18,4,0,165.3,1840,65.07861
578,Norway,18,4,0,168,1840,66.1416
752,Sweden,18,4,0,167.9,1840,66.10223
826,United Kingdom of Great Britain and Northern Ireland,18,4,0,166.5,1840,65.55105
191,Croatia,18,4,0,161.2,1840,63.464439999999996
380,Italy,18,4,0,162,1840,63.7794
620,Portugal,18,4,0,163.539,1840,64.38530429999999
724,Spain,18,4,0,163.7,1840,64.44869
112,Belarus,18,4,0,163.9,1840,64.52743
203,Czech Republic,18,4,0,164.8,1840,64.88176
348,Hungary,18,4,0,164,1840,64.5668
616,Poland,18,4,0,163.1,1840,64.21247
498,Republic of Moldova,18,4,0,165.1,1840,64.99987
642,Romania,18,4,0,164,1840,64.5668
643,Russian Federation,18,4,0,164.2,1840,64.64554
804,Ukraine,18,4,0,164.1,1840,64.60616999999999
124,Canada,18,4,0,170.4,1840,67.08648
840,United States of America,18,4,0,172.2,1840,67.79513999999999
484,Mexico,18,4,0,162.5,1840,63.97625
32,Argentina,18,4,0,169.6,1840,66.77152
76,Brazil,18,4,0,164.6,1840,64.80302
604,Peru,18,4,0,161.3,1840,63.50381
356,India,18,4,0,160.304,1840,63.1116848
586,Pakistan,18,4,0,165.1,1840,64.99987
156,China,18,4,0,166.2,1840,65.43293999999999
116,Cambodia,18,4,0,161.6,1840,63.621919999999996
360,Indonesia,18,4,0,160.352,1840,63.1305824
NA,Indonesia (until 1999),18,4,0,160.352,1840,63.1305824
418,Lao People's Democratic Republic,18,4,0,159.6,1840,62.83452
458,Malaysia,18,4,0,159.3,1840,62.71641
704,Viet Nam,18,4,0,157.5,1840,62.00775
268,Georgia,18,4,0,165.5,1840,65.15735
398,Kazakhstan,18,4,0,165.3,1840,65.07861
854,Burkina Faso,18,4,0,162.59,1840,64.011683
40,Austria,18,5,0,165.8,1850,65.27546000000001
56,Belgium,18,5,0,166.1,1850,65.39357
280,Federal Republic of Germany (until 1990),18,5,0,163.8,1850,64.48806
250,France,18,5,0,165.2,1850,65.03923999999999
276,Germany,18,5,0,163.8,1850,64.48806
528,Netherlands,18,5,0,165.3,1850,65.07861
208,Denmark,18,5,0,167.4,1850,65.90538000000001
578,Norway,18,5,0,169.1,1850,66.57467
752,Sweden,18,5,0,168.4,1850,66.29908
826,United Kingdom of Great Britain and Northern Ireland,18,5,0,165.6,1850,65.19672
191,Croatia,18,5,0,168.1,1850,66.18097
380,Italy,18,5,0,162.9,1850,64.13373
620,Portugal,18,5,0,164.16,1850,64.629792
688,Serbia,18,5,0,166.2,1850,65.43293999999999
891,Serbia and Montenegro (until 2006),18,5,0,166.2,1850,65.43293999999999
724,Spain,18,5,0,162.5,1850,63.97625
203,Czech Republic,18,5,0,165.5,1850,65.15735
200,Czechoslovakia (until 1993),18,5,0,166.2,1850,65.43293999999999
348,Hungary,18,5,0,163.7,1850,64.44869
642,Romania,18,5,0,163.4,1850,64.33058
643,Russian Federation,18,5,0,163.4,1850,64.33058
703,Slovakia,18,5,0,164.1,1850,64.60616999999999
804,Ukraine,18,5,0,163.1,1850,64.21247
124,Canada,18,5,0,172.466,1850,67.8998642
840,United States of America,18,5,0,171.1,1850,67.36207
484,Mexico,18,5,0,163.4,1850,64.33058
32,Argentina,18,5,0,168.2,1850,66.22034
76,Brazil,18,5,0,164.5,1850,64.76365
604,Peru,18,5,0,161.8,1850,63.700660000000006
53,Australia and New Zealand,18,5,0,170,1850,66.929
36,Australia,18,5,0,170,1850,66.929
50,Bangladesh,18,5,0,161.807,1850,63.703415899999996
356,India,18,5,0,161.823,1850,63.709715100000004
364,Iran (Islamic Republic of),18,5,0,165.33,1850,65.090421
586,Pakistan,18,5,0,162,1850,63.7794
156,China,18,5,0,166.2,1850,65.43293999999999
NA,Taiwan,18,5,0,163.855,1850,64.50971349999999
116,Cambodia,18,5,0,163.2,1850,64.25184
360,Indonesia,18,5,0,160.58,1850,63.220346000000006
NA,Indonesia (until 1999),18,5,0,160.58,1850,63.220346000000006
418,Lao People's Democratic Republic,18,5,0,160,1850,62.992
104,Myanmar,18,5,0,161.1,1850,63.42507
704,Viet Nam,18,5,0,158.4,1850,62.36208
51,Armenia,18,5,0,169.324,1850,66.66285880000001
31,Azerbaijan,18,5,0,170.185,1850,67.0018345
376,Israel,18,5,0,169.06,1850,66.558922
422,Lebanon,18,5,0,166.45,1850,65.531365
760,Syrian Arab Republic,18,5,0,166.34,1850,65.488058
792,Turkey,18,5,0,168.66,1850,66.401442
886,Yemen (until 1990),18,5,0,162.26,1850,63.881761999999995
887,Yemen,18,5,0,162.26,1850,63.881761999999995
398,Kazakhstan,18,5,0,164.6,1850,64.80302
818,Egypt,18,5,0,166.35,1850,65.491995
384,Cote d'Ivoire,18,5,0,170.523,1850,67.1349051
466,Mali,18,5,0,166.467,1850,65.5380579
178,Congo,18,5,0,167.605,1850,65.9860885
40,Austria,18,6,0,166.4,1860,65.51168
56,Belgium,18,6,0,166.6,1860,65.59042
280,Federal Republic of Germany (until 1990),18,6,0,165.5,1860,65.15735
250,France,18,6,0,165.4,1860,65.11798
276,Germany,18,6,0,165.5,1860,65.15735
528,Netherlands,18,6,0,166.5,1860,65.55105
208,Denmark,18,6,0,168.1,1860,66.18097
246,Finland,18,6,0,167.3,1860,65.86601
578,Norway,18,6,0,169.7,1860,66.81089
752,Sweden,18,6,0,169.3,1860,66.65341000000001
826,United Kingdom of Great Britain and Northern Ireland,18,6,0,166.6,1860,65.59042
191,Croatia,18,6,0,165.9,1860,65.31483
380,Italy,18,6,0,163.1,1860,64.21247
620,Portugal,18,6,0,164.066,1860,64.5927842
724,Spain,18,6,0,162.7,1860,64.05498999999999
203,Czech Republic,18,6,0,166,1860,65.3542
348,Hungary,18,6,0,165.3,1860,65.07861
616,Poland,18,6,0,165.5,1860,65.15735
642,Romania,18,6,0,164.1,1860,64.60616999999999
643,Russian Federation,18,6,0,163.3,1860,64.29121
703,Slovakia,18,6,0,163.5,1860,64.36995
124,Canada,18,6,0,172,1860,67.7164
840,United States of America,18,6,0,170.6,1860,67.16521999999999
484,Mexico,18,6,0,162.9,1860,64.13373
32,Argentina,18,6,0,167.4,1860,65.90538000000001
76,Brazil,18,6,0,165,1860,64.9605
604,Peru,18,6,0,161.7,1860,63.661289999999994
53,Australia and New Zealand,18,6,0,170.6,1860,67.16521999999999
36,Australia,18,6,0,170.6,1860,67.16521999999999
554,New Zealand,18,6,0,172.4,1860,67.87388
50,Bangladesh,18,6,0,162.346,1860,63.9156202
356,India,18,6,0,162.979,1860,64.1648323
586,Pakistan,18,6,0,164.6,1860,64.80302
156,China,18,6,0,165.7,1860,65.23608999999999
NA,Taiwan,18,6,0,163.86,1860,64.51168200000001
116,Cambodia,18,6,0,164.9,1860,64.92113
360,Indonesia,18,6,0,160.43,1860,63.161291
NA,Indonesia (until 1999),18,6,0,160.43,1860,63.161291
418,Lao People's Democratic Republic,18,6,0,159,1860,62.5983
458,Malaysia,18,6,0,161,1860,63.3857
104,Myanmar,18,6,0,164,1860,64.5668
608,Philippines,18,6,0,155,1860,61.0235
764,Thailand,18,6,0,160.1,1860,63.031369999999995
704,Viet Nam,18,6,0,158.3,1860,62.32271
51,Armenia,18,6,0,167.62,1860,65.991994
31,Azerbaijan,18,6,0,170.816,1860,67.2502592
196,Cyprus,18,6,0,168.783,1860,66.44986709999999
268,Georgia,18,6,0,163,1860,64.1731
376,Israel,18,6,0,168.85,1860,66.47624499999999
422,Lebanon,18,6,0,167.16,1860,65.810892
760,Syrian Arab Republic,18,6,0,167.98,1860,66.133726
792,Turkey,18,6,0,169.06,1860,66.558922
886,Yemen (until 1990),18,6,0,161.12,1860,63.432944
887,Yemen,18,6,0,161.12,1860,63.432944
762,Tajikistan,18,6,0,165,1860,64.9605
818,Egypt,18,6,0,167.69,1860,66.019553
288,Ghana,18,6,0,167.757,1860,66.0459309
686,Senegal,18,6,0,172.545,1860,67.9309665
768,Togo,18,6,0,165.345,1860,65.0963265
120,Cameroon,18,6,0,165.145,1860,65.01758650000001
178,Congo,18,6,0,166.043,1860,65.3711291
232,Eritrea,18,6,0,166.282,1860,65.4652234
230,Ethiopia (until 1993),18,6,0,169.3,1860,66.65341000000001
231,Ethiopia (from 1993),18,6,0,169.3,1860,66.65341000000001
450,Madagascar,18,6,0,163.918,1860,64.5345166
40,Austria,18,7,0,167.2,1870,65.82664
56,Belgium,18,7,0,166.6,1870,65.59042
280,Federal Republic of Germany (until 1990),18,7,0,166.9,1870,65.70853
250,France,18,7,0,165.5,1870,65.15735
276,Germany,18,7,0,166.9,1870,65.70853
528,Netherlands,18,7,0,167.1,1870,65.78726999999999
756,Switzerland,18,7,0,164.7,1870,64.84239
208,Denmark,18,7,0,168.1,1870,66.18097
233,Estonia,18,7,0,167.6,1870,65.98411999999999
372,Ireland,18,7,0,168.45,1870,66.318765
578,Norway,18,7,0,170.4,1870,67.08648
752,Sweden,18,7,0,170.3,1870,67.04711
826,United Kingdom of Great Britain and Northern Ireland,18,7,0,167.15,1870,65.806955
191,Croatia,18,7,0,166.8,1870,65.66916
300,Greece,18,7,0,168.5,1870,66.33845
380,Italy,18,7,0,163.5,1870,64.36995
620,Portugal,18,7,0,164.688,1870,64.8376656
688,Serbia,18,7,0,169.7,1870,66.81089
891,Serbia and Montenegro (until 2006),18,7,0,169.7,1870,66.81089
705,Slovenia,18,7,0,168.3,1870,66.25971
724,Spain,18,7,0,162.6,1870,64.01562
203,Czech Republic,18,7,0,167,1870,65.7479
200,Czechoslovakia (until 1993),18,7,0,169.7,1870,66.81089
348,Hungary,18,7,0,166.388,1870,65.5069556
616,Poland,18,7,0,166.3,1870,65.47231000000001
642,Romania,18,7,0,165.367,1870,65.1049879
643,Russian Federation,18,7,0,165.8,1870,65.27546000000001
703,Slovakia,18,7,0,165.1,1870,64.99987
804,Ukraine,18,7,0,164.6,1870,64.80302
124,Canada,18,7,0,171.2,1870,67.40144
840,United States of America,18,7,0,171.1,1870,67.36207
192,Cuba,18,7,0,167.1,1870,65.78726999999999
484,Mexico,18,7,0,163.7,1870,64.44869
32,Argentina,18,7,0,167.6,1870,65.98411999999999
76,Brazil,18,7,0,166.5,1870,65.55105
170,Colombia,18,7,0,161.085,1870,63.4191645
604,Peru,18,7,0,161.3,1870,63.50381
53,Australia and New Zealand,18,7,0,170.053,1870,66.9498661
36,Australia,18,7,0,170.053,1870,66.9498661
554,New Zealand,18,7,0,172.4,1870,67.87388
4,Afghanistan,18,7,0,168.4,1870,66.29908
50,Bangladesh,18,7,0,163.684,1870,64.4423908
356,India,18,7,0,163.782,1870,64.4809734
364,Iran (Islamic Republic of),18,7,0,168.26,1870,66.243962
586,Pakistan,18,7,0,165.2,1870,65.03923999999999
144,Sri Lanka,18,7,0,162.5,1870,63.97625
156,China,18,7,0,165.8,1870,65.27546000000001
408,Democratic People's Republic of Korea,18,7,0,163.41,1870,64.33451699999999
410,Republic of Korea,18,7,0,163.41,1870,64.33451699999999
NA,Taiwan,18,7,0,163.36,1870,64.31483200000001
116,Cambodia,18,7,0,159,1870,62.5983
360,Indonesia,18,7,0,158.085,1870,62.2380645
NA,Indonesia (until 1999),18,7,0,158.085,1870,62.2380645
418,Lao People's Democratic Republic,18,7,0,159.1,1870,62.63767
458,Malaysia,18,7,0,157.2,1870,61.88963999999999
104,Myanmar,18,7,0,161.3,1870,63.50381
608,Philippines,18,7,0,159.5,1870,62.79515
764,Thailand,18,7,0,161.5,1870,63.58255
704,Viet Nam,18,7,0,158.3,1870,62.32271
196,Cyprus,18,7,0,169.778,1870,66.8415986
792,Turkey,18,7,0,170.08,1870,66.960496
398,Kazakhstan,18,7,0,163.4,1870,64.33058
762,Tajikistan,18,7,0,164.8,1870,64.88176
818,Egypt,18,7,0,166.88,1870,65.700656
729,Sudan (North),18,7,0,167.99,1870,66.137663
736,Sudan (until 2011),18,7,0,167.99,1870,66.137663
854,Burkina Faso,18,7,0,171.2,1870,67.40144
384,Cote d'Ivoire,18,7,0,169.756,1870,66.8329372
324,Guinea,18,7,0,169.885,1870,66.8837245
562,Niger,18,7,0,167.298,1870,65.8652226
566,Nigeria,18,7,0,165.612,1870,65.2014444
686,Senegal,18,7,0,168.157,1870,66.20341090000001
120,Cameroon,18,7,0,165.715,1870,65.2419955
148,Chad,18,7,0,169.793,1870,66.8475041
180,Democratic Republic of the Congo,18,7,0,165.734,1870,65.2494758
454,Malawi,18,7,0,166.65,1870,65.610105
508,Mozambique,18,7,0,167.05,1870,65.767585
800,Uganda,18,7,0,168.07,1870,66.169159
834,United Republic of Tanzania,18,7,0,167.769,1870,66.0506553
40,Austria,18,8,0,167.7,1880,66.02349
280,Federal Republic of Germany (until 1990),18,8,0,167.9,1880,66.10223
250,France,18,8,0,165.9,1880,65.31483
276,Germany,18,8,0,167.9,1880,66.10223
528,Netherlands,18,8,0,168.5,1880,66.33845
756,Switzerland,18,8,0,166.8,1880,65.66916
208,Denmark,18,8,0,169.5,1880,66.73215
372,Ireland,18,8,0,168.7,1880,66.41718999999999
428,Latvia,18,8,0,170.6,1880,67.16521999999999
578,Norway,18,8,0,171.1,1880,67.36207
752,Sweden,18,8,0,171.2,1880,67.40144
826,United Kingdom of Great Britain and Northern Ireland,18,8,0,167.95,1880,66.121915
8,Albania,18,8,0,170.1,1880,66.96837
191,Croatia,18,8,0,168.9,1880,66.49593
300,Greece,18,8,0,167.26,1880,65.850262
380,Italy,18,8,0,163.9,1880,64.52743
620,Portugal,18,8,0,164.161,1880,64.6301857
688,Serbia,18,8,0,167.1,1880,65.78726999999999
891,Serbia and Montenegro (until 2006),18,8,0,167.1,1880,65.78726999999999
724,Spain,18,8,0,163.9,1880,64.52743
100,Bulgaria,18,8,0,167.6,1880,65.98411999999999
203,Czech Republic,18,8,0,167.6,1880,65.98411999999999
200,Czechoslovakia (until 1993),18,8,0,167.1,1880,65.78726999999999
348,Hungary,18,8,0,169.1,1880,66.57467
616,Poland,18,8,0,166.8,1880,65.66916
642,Romania,18,8,0,164.1,1880,64.60616999999999
643,Russian Federation,18,8,0,166.6,1880,65.59042
703,Slovakia,18,8,0,165.8,1880,65.27546000000001
804,Ukraine,18,8,0,165.4,1880,65.11798
124,Canada,18,8,0,171.2,1880,67.40144
840,United States of America,18,8,0,169.5,1880,66.73215
192,Cuba,18,8,0,166.8,1880,65.66916
484,Mexico,18,8,0,163.9,1880,64.52743
32,Argentina,18,8,0,167.565,1880,65.97034049999999
76,Brazil,18,8,0,166.1,1880,65.39357
170,Colombia,18,8,0,162.08,1880,63.81089600000001
328,Guyana,18,8,0,159.16,1880,62.661291999999996
604,Peru,18,8,0,161.5,1880,63.58255
858,Uruguay,18,8,0,164.98,1880,64.952626
53,Australia and New Zealand,18,8,0,171.1,1880,67.36207
36,Australia,18,8,0,171.1,1880,67.36207
554,New Zealand,18,8,0,172.7,1880,67.99199
598,Papua New Guinea,18,8,0,152.359,1880,59.983738300000006
4,Afghanistan,18,8,0,165.69,1880,65.232153
50,Bangladesh,18,8,0,162.061,1880,63.8034157
356,India,18,8,0,162.427,1880,63.94750989999999
364,Iran (Islamic Republic of),18,8,0,165.19,1880,65.035303
524,Nepal,18,8,0,162.433,1880,63.94987209999999
156,China,18,8,0,165.3,1880,65.07861
408,Democratic People's Republic of Korea,18,8,0,160.1,1880,63.031369999999995
392,Japan,18,8,0,157.79,1880,62.121922999999995
410,Republic of Korea,18,8,0,160.1,1880,63.031369999999995
NA,Taiwan,18,8,0,162.898,1880,64.13294259999999
116,Cambodia,18,8,0,161.7,1880,63.661289999999994
360,Indonesia,18,8,0,158.58,1880,62.432946
NA,Indonesia (until 1999),18,8,0,158.58,1880,62.432946
104,Myanmar,18,8,0,160.698,1880,63.266802600000005
608,Philippines,18,8,0,158.9,1880,62.558930000000004
764,Thailand,18,8,0,162.3,1880,63.897510000000004
704,Viet Nam,18,8,0,157.7,1880,62.08649
196,Cyprus,18,8,0,169.086,1880,66.5691582
368,Iraq,18,8,0,168.37,1880,66.287269
760,Syrian Arab Republic,18,8,0,162.2,1880,63.85813999999999
792,Turkey,18,8,0,167.414,1880,65.91089179999999
886,Yemen (until 1990),18,8,0,160.77,1880,63.295149
887,Yemen,18,8,0,160.77,1880,63.295149
417,Kyrgyzstan,18,8,0,165.26,1880,65.062862
762,Tajikistan,18,8,0,166.6,1880,65.59042
818,Egypt,18,8,0,162.99,1880,64.169163
504,Morocco,18,8,0,168.6,1880,66.37782
729,Sudan (North),18,8,0,169.865,1880,66.8758505
736,Sudan (until 2011),18,8,0,169.865,1880,66.8758505
854,Burkina Faso,18,8,0,171.463,1880,67.50498309999999
288,Ghana,18,8,0,167.8,1880,66.06286
466,Mali,18,8,0,171.043,1880,67.3396291
562,Niger,18,8,0,173,1880,68.1101
566,Nigeria,18,8,0,167.873,1880,66.0916001
24,Angola,18,8,0,168.8,1880,66.45656000000001
120,Cameroon,18,8,0,166.556,1880,65.5730972
140,Central African Republic,18,8,0,167.1,1880,65.78726999999999
148,Chad,18,8,0,168.969,1880,66.5230953
180,Democratic Republic of the Congo,18,8,0,163.2,1880,64.25184
232,Eritrea,18,8,0,165.342,1880,65.0951454
230,Ethiopia (until 1993),18,8,0,167.461,1880,65.9293957
231,Ethiopia (from 1993),18,8,0,167.461,1880,65.9293957
404,Kenya,18,8,0,164.535,1880,64.7774295
706,Somalia,18,8,0,172.75,1880,68.011675
800,Uganda,18,8,0,166.311,1880,65.4766407
834,United Republic of Tanzania,18,8,0,168.516,1880,66.3447492
40,Austria,18,9,0,168.4,1890,66.29908
280,Federal Republic of Germany (until 1990),18,9,0,168.6,1890,66.37782
250,France,18,9,0,166.1,1890,65.39357
276,Germany,18,9,0,168.6,1890,66.37782
528,Netherlands,18,9,0,169.4,1890,66.69278
756,Switzerland,18,9,0,170.5,1890,67.12585
208,Denmark,18,9,0,169.2,1890,66.61403999999999
233,Estonia,18,9,0,173.4,1890,68.26758
372,Ireland,18,9,0,169.1,1890,66.57467
428,Latvia,18,9,0,171.7,1890,67.59828999999999
578,Norway,18,9,0,171.1,1890,67.36207
752,Sweden,18,9,0,172.4,1890,67.87388
826,United Kingdom of Great Britain and Northern Ireland,18,9,0,167.4,1890,65.90538000000001
8,Albania,18,9,0,169.8,1890,66.85026
380,Italy,18,9,0,164.7,1890,64.84239
620,Portugal,18,9,0,164.15,1890,64.625855
688,Serbia,18,9,0,168.1,1890,66.18097
891,Serbia and Montenegro (until 2006),18,9,0,168.1,1890,66.18097
724,Spain,18,9,0,164,1890,64.5668
203,Czech Republic,18,9,0,169.783,1890,66.84356709999999
200,Czechoslovakia (until 1993),18,9,0,168.1,1890,66.18097
616,Poland,18,9,0,167.2,1890,65.82664
643,Russian Federation,18,9,0,168.3,1890,66.25971
124,Canada,18,9,0,170.7,1890,67.20459
840,United States of America,18,9,0,169.1,1890,66.57467
192,Cuba,18,9,0,166,1890,65.3542
388,Jamaica,18,9,0,170.2,1890,67.00774
630,Puerto Rico,18,9,0,164.53,1890,64.77546099999999
320,Guatemala,18,9,0,156.3,1890,61.53531
484,Mexico,18,9,0,163.9,1890,64.52743
32,Argentina,18,9,0,167.792,1890,66.0597104
68,Bolivia (Plurinational State of),18,9,0,163.594,1890,64.4069578
76,Brazil,18,9,0,167.1,1890,65.78726999999999
170,Colombia,18,9,0,161.855,1890,63.7223135
328,Guyana,18,9,0,157.45,1890,61.98806499999999
53,Australia and New Zealand,18,9,0,171.3,1890,67.44081
36,Australia,18,9,0,171.3,1890,67.44081
554,New Zealand,18,9,0,172,1890,67.7164
356,India,18,9,0,163.008,1890,64.1762496
364,Iran (Islamic Republic of),18,9,0,165.98,1890,65.34632599999999
586,Pakistan,18,9,0,165.04,1890,64.976248
156,China,18,9,0,164,1890,64.5668
408,Democratic People's Republic of Korea,18,9,0,160.7,1890,63.26758999999999
392,Japan,18,9,0,157.79,1890,62.121922999999995
410,Republic of Korea,18,9,0,160.7,1890,63.26758999999999
NA,Taiwan,18,9,0,163.92,1890,64.535304
116,Cambodia,18,9,0,160.4,1890,63.149480000000004
360,Indonesia,18,9,0,158.77,1890,62.507749000000004
NA,Indonesia (until 1999),18,9,0,158.77,1890,62.507749000000004
418,Lao People's Democratic Republic,18,9,0,160.6,1890,63.22822
458,Malaysia,18,9,0,155.8,1890,61.338460000000005
104,Myanmar,18,9,0,163,1890,64.1731
608,Philippines,18,9,0,161.5,1890,63.58255
764,Thailand,18,9,0,161,1890,63.3857
704,Viet Nam,18,9,0,158.5,1890,62.40145
51,Armenia,18,9,0,166.2,1890,65.43293999999999
196,Cyprus,18,9,0,168.334,1890,66.27309580000001
268,Georgia,18,9,0,164.26,1890,64.669162
368,Iraq,18,9,0,166.617,1890,65.5971129
422,Lebanon,18,9,0,166.39,1890,65.50774299999999
760,Syrian Arab Republic,18,9,0,166.876,1890,65.6990812
792,Turkey,18,9,0,168.41,1890,66.303017
886,Yemen (until 1990),18,9,0,162.72,1890,64.062864
887,Yemen,18,9,0,162.72,1890,64.062864
398,Kazakhstan,18,9,0,164.8,1890,64.88176
417,Kyrgyzstan,18,9,0,164.03,1890,64.578611
762,Tajikistan,18,9,0,165.8,1890,65.27546000000001
795,Turkmenistan,18,9,0,168.9,1890,66.49593
860,Uzbekistan,18,9,0,165.2,1890,65.03923999999999
434,Libya,18,9,0,166.5,1890,65.55105
729,Sudan (North),18,9,0,169.836,1890,66.86443320000001
736,Sudan (until 2011),18,9,0,169.836,1890,66.86443320000001
854,Burkina Faso,18,9,0,167.9,1890,66.10223
384,Cote d'Ivoire,18,9,0,168.83,1890,66.468371
288,Ghana,18,9,0,164.2,1890,64.64554
324,Guinea,18,9,0,164.21,1890,64.649477
624,Guinea-Bissau,18,9,0,168.259,1890,66.24356829999999
466,Mali,18,9,0,169.376,1890,66.6833312
686,Senegal,18,9,0,171.75,1890,67.617975
694,Sierra Leone,18,9,0,165.5,1890,65.15735
24,Angola,18,9,0,169.1,1890,66.57467
120,Cameroon,18,9,0,164.085,1890,64.60026450000001
148,Chad,18,9,0,169.6,1890,66.77152
180,Democratic Republic of the Congo,18,9,0,162.609,1890,64.0191633
710,South Africa,18,9,0,170.364,1890,67.0723068
404,Kenya,18,9,0,166,1890,65.3542
706,Somalia,18,9,0,171.4,1890,67.48018
800,Uganda,18,9,0,166.425,1890,65.5215225
834,United Republic of Tanzania,18,9,0,167.669,1890,66.0112853
716,Zimbabwe,18,9,0,169.045,1890,66.5530165
40,Austria,19,0,0,168.9,1900,66.49593
56,Belgium,19,0,0,167.8,1900,66.06286
280,Federal Republic of Germany (until 1990),19,0,0,169.2,1900,66.61403999999999
250,France,19,0,0,166.8,1900,65.66916
276,Germany,19,0,0,169.2,1900,66.61403999999999
528,Netherlands,19,0,0,170.9,1900,67.28333
756,Switzerland,19,0,0,170.462,1900,67.11088939999999
208,Denmark,19,0,0,170.5,1900,67.12585
233,Estonia,19,0,0,175.3,1900,69.01561000000001
246,Finland,19,0,0,167.3,1900,65.86601
372,Ireland,19,0,0,170,1900,66.929
428,Latvia,19,0,0,171.4,1900,67.48018
578,Norway,19,0,0,172.03,1900,67.728211
752,Sweden,19,0,0,172.8,1900,68.03136
826,United Kingdom of Great Britain and Northern Ireland,19,0,0,169.367,1900,66.6797879
8,Albania,19,0,0,169.2,1900,66.61403999999999
191,Croatia,19,0,0,171.508,1900,67.52269960000001
300,Greece,19,0,0,169.6,1900,66.77152
380,Italy,19,0,0,165.6,1900,65.19672
620,Portugal,19,0,0,163.774,1900,64.4778238
724,Spain,19,0,0,164.6,1900,64.80302
807,The former Yugoslav Republic of Macedonia,19,0,0,167.669,1900,66.0112853
112,Belarus,19,0,0,166.5,1900,65.55105
203,Czech Republic,19,0,0,170.7,1900,67.20459
616,Poland,19,0,0,166.568,1900,65.57782160000001
642,Romania,19,0,0,168.289,1900,66.25537929999999
643,Russian Federation,19,0,0,169.2,1900,66.61403999999999
124,Canada,19,0,0,169.9,1900,66.88963
840,United States of America,19,0,0,170,1900,66.929
192,Cuba,19,0,0,166.1,1900,65.39357
630,Puerto Rico,19,0,0,164.02,1900,64.574674
484,Mexico,19,0,0,163.9,1900,64.52743
32,Argentina,19,0,0,167.868,1900,66.0896316
68,Bolivia (Plurinational State of),19,0,0,162.45,1900,63.956565
76,Brazil,19,0,0,167.5,1900,65.94475
170,Colombia,19,0,0,161.83,1900,63.712471
328,Guyana,19,0,0,156.8,1900,61.73216
600,Paraguay,19,0,0,165.615,1900,65.2026255
53,Australia and New Zealand,19,0,0,172.3,1900,67.83451000000001
36,Australia,19,0,0,172.3,1900,67.83451000000001
364,Iran (Islamic Republic of),19,0,0,167.47,1900,65.932939
524,Nepal,19,0,0,161.7,1900,63.661289999999994
156,China,19,0,0,164,1900,64.5668
408,Democratic People's Republic of Korea,19,0,0,160.1,1900,63.031369999999995
392,Japan,19,0,0,158.7,1900,62.48018999999999
410,Republic of Korea,19,0,0,160.1,1900,63.031369999999995
NA,Taiwan,19,0,0,164.54,1900,64.779398
116,Cambodia,19,0,0,158.3,1900,62.32271
360,Indonesia,19,0,0,158.96,1900,62.582552
NA,Indonesia (until 1999),19,0,0,158.96,1900,62.582552
418,Lao People's Democratic Republic,19,0,0,161.5,1900,63.58255
458,Malaysia,19,0,0,160.5,1900,63.18885
104,Myanmar,19,0,0,163.7,1900,64.44869
608,Philippines,19,0,0,160.4,1900,63.149480000000004
764,Thailand,19,0,0,162.1,1900,63.818769999999994
704,Viet Nam,19,0,0,161.2,1900,63.464439999999996
51,Armenia,19,0,0,163.58,1900,64.401446000000007
368,Iraq,19,0,0,168.56,1900,66.362072
422,Lebanon,19,0,0,167.28,1900,65.858136
760,Syrian Arab Republic,19,0,0,167.274,1900,65.8557738
792,Turkey,19,0,0,168.417,1900,66.3057729
886,Yemen (until 1990),19,0,0,161.99,1900,63.775463
887,Yemen,19,0,0,161.99,1900,63.775463
398,Kazakhstan,19,0,0,165,1900,64.9605
417,Kyrgyzstan,19,0,0,165.1,1900,64.99987
762,Tajikistan,19,0,0,165.1,1900,64.99987
860,Uzbekistan,19,0,0,165.5,1900,65.15735
818,Egypt,19,0,0,166.2,1900,65.43293999999999
729,Sudan (North),19,0,0,167.854,1900,66.08411980000001
736,Sudan (until 2011),19,0,0,167.854,1900,66.08411980000001
854,Burkina Faso,19,0,0,171.174,1900,67.3912038
384,Cote d'Ivoire,19,0,0,167.9,1900,66.10223
288,Ghana,19,0,0,165.9,1900,65.31483
324,Guinea,19,0,0,168.4,1900,66.29908
624,Guinea-Bissau,19,0,0,167.721,1900,66.0317577
466,Mali,19,0,0,167.485,1900,65.9388445
478,Mauritania,19,0,0,168.954,1900,66.5171898
562,Niger,19,0,0,168.663,1900,66.4026231
686,Senegal,19,0,0,170.384,1900,67.0801808
768,Togo,19,0,0,167,1900,65.7479
24,Angola,19,0,0,168.1,1900,66.18097
120,Cameroon,19,0,0,166.738,1900,65.6447506
140,Central African Republic,19,0,0,167.27,1900,65.85419900000001
148,Chad,19,0,0,165.8,1900,65.27546000000001
426,Lesotho,19,0,0,168,1900,66.1416
516,Namibia,19,0,0,166.653,1900,65.6112861
710,South Africa,19,0,0,169.898,1900,66.8888426
404,Kenya,19,0,0,166.7,1900,65.62979
450,Madagascar,19,0,0,163.151,1900,64.23254870000001
508,Mozambique,19,0,0,169.613,1900,66.7766381
706,Somalia,19,0,0,171.9,1900,67.67703
716,Zimbabwe,19,0,0,167.63,1900,65.995931
40,Austria,19,1,0,168.9,1910,66.49593
280,Federal Republic of Germany (until 1990),19,1,0,170.5,1910,67.12585
250,France,19,1,0,167.8,1910,66.06286
276,Germany,19,1,0,170.5,1910,67.12585
528,Netherlands,19,1,0,172.6,1910,67.95262
756,Switzerland,19,1,0,171.506,1910,67.5219122
208,Denmark,19,1,0,170,1910,66.929
233,Estonia,19,1,0,172,1910,67.7164
246,Finland,19,1,0,170.5,1910,67.12585
578,Norway,19,1,0,173.3,1910,68.22821
752,Sweden,19,1,0,173.2,1910,68.18884
826,United Kingdom of Great Britain and Northern Ireland,19,1,0,170.866,1910,67.2699442
300,Greece,19,1,0,168.1,1910,66.18097
380,Italy,19,1,0,166.3,1910,65.47231000000001
620,Portugal,19,1,0,164.491,1910,64.76010670000001
724,Spain,19,1,0,165.1,1910,64.99987
807,The former Yugoslav Republic of Macedonia,19,1,0,168.4,1910,66.29908
203,Czech Republic,19,1,0,170.8,1910,67.24396
616,Poland,19,1,0,169,1910,66.53529999999999
643,Russian Federation,19,1,0,169.1,1910,66.57467
124,Canada,19,1,0,171.5,1910,67.51955
840,United States of America,19,1,0,172.1,1910,67.75577
192,Cuba,19,1,0,167.9,1910,66.10223
388,Jamaica,19,1,0,167.132,1910,65.7998684
630,Puerto Rico,19,1,0,165.35,1910,65.098295
320,Guatemala,19,1,0,156,1910,61.4172
484,Mexico,19,1,0,163.7,1910,64.44869
32,Argentina,19,1,0,168.2,1910,66.22034
76,Brazil,19,1,0,166.486,1910,65.5455382
170,Colombia,19,1,0,163.545,1910,64.3876665
53,Australia and New Zealand,19,1,0,172.7,1910,67.99199
36,Australia,19,1,0,172.7,1910,67.99199
356,India,19,1,0,162.893,1910,64.1309741
364,Iran (Islamic Republic of),19,1,0,167.19,1910,65.822703
156,China,19,1,0,164.7,1910,64.84239
392,Japan,19,1,0,159.605,1910,62.836488499999994
496,Mongolia,19,1,0,162.6,1910,64.01562
NA,Taiwan,19,1,0,166.05,1910,65.373885
116,Cambodia,19,1,0,160.6,1910,63.22822
360,Indonesia,19,1,0,159.63,1910,62.846331
NA,Indonesia (until 1999),19,1,0,159.63,1910,62.846331
418,Lao People's Democratic Republic,19,1,0,156.2,1910,61.49594
764,Thailand,19,1,0,161.5,1910,63.58255
704,Viet Nam,19,1,0,158,1910,62.2046
51,Armenia,19,1,0,163.75,1910,64.468375
368,Iraq,19,1,0,166.15,1910,65.413255
792,Turkey,19,1,0,167.95,1910,66.121915
398,Kazakhstan,19,1,0,163.4,1910,64.33058
417,Kyrgyzstan,19,1,0,165.1,1910,64.99987
762,Tajikistan,19,1,0,165.1,1910,64.99987
795,Turkmenistan,19,1,0,167.93,1910,66.114041
860,Uzbekistan,19,1,0,166,1910,65.3542
12,Algeria,19,1,0,168.8,1910,66.45656000000001
818,Egypt,19,1,0,166.21,1910,65.436877
729,Sudan (North),19,1,0,169,1910,66.53529999999999
736,Sudan (until 2011),19,1,0,169,1910,66.53529999999999
788,Tunisia,19,1,0,162.9,1910,64.13373
204,Benin,19,1,0,168.87,1910,66.484119
854,Burkina Faso,19,1,0,171.06,1910,67.346322
384,Cote d'Ivoire,19,1,0,166.621,1910,65.5986877
288,Ghana,19,1,0,167.1,1910,65.78726999999999
324,Guinea,19,1,0,168.455,1910,66.3207335
624,Guinea-Bissau,19,1,0,167.808,1910,66.0660096
430,Liberia,19,1,0,165.38,1910,65.110106
466,Mali,19,1,0,171.449,1910,67.49947130000001
478,Mauritania,19,1,0,169.395,1910,66.69081150000001
562,Niger,19,1,0,171.598,1910,67.55813260000001
566,Nigeria,19,1,0,166.794,1910,65.6667978
686,Senegal,19,1,0,169.26,1910,66.63766199999999
694,Sierra Leone,19,1,0,165.8,1910,65.27546000000001
24,Angola,19,1,0,168,1910,66.1416
120,Cameroon,19,1,0,168.765,1910,66.4427805
140,Central African Republic,19,1,0,164.866,1910,64.90774420000001
180,Democratic Republic of the Congo,19,1,0,165.3,1910,65.07861
266,Gabon,19,1,0,164.9,1910,64.92113
72,Botswana,19,1,0,165.42,1910,65.12585399999999
710,South Africa,19,1,0,169.704,1910,66.8124648
230,Ethiopia (until 1993),19,1,0,161.451,1910,63.5632587
231,Ethiopia (from 1993),19,1,0,161.451,1910,63.5632587
404,Kenya,19,1,0,168.079,1910,66.1727023
450,Madagascar,19,1,0,163.154,1910,64.23372979999999
508,Mozambique,19,1,0,166.667,1910,65.6167979
646,Rwanda,19,1,0,172,1910,67.7164
706,Somalia,19,1,0,171.068,1910,67.3494716
800,Uganda,19,1,0,165.96,1910,65.338452
834,United Republic of Tanzania,19,1,0,164.965,1910,64.9467205
40,Austria,19,2,0,170.4,1920,67.08648
280,Federal Republic of Germany (until 1990),19,2,0,173.3,1920,68.22821
250,France,19,2,0,168.5,1920,66.33845
276,Germany,19,2,0,173.3,1920,68.22821
528,Netherlands,19,2,0,173.5,1920,68.30695
756,Switzerland,19,2,0,170.9,1920,67.28333
208,Denmark,19,2,0,173.5,1920,68.30695
246,Finland,19,2,0,172.3,1920,67.83451000000001
372,Ireland,19,2,0,171.919,1920,67.6845103
578,Norway,19,2,0,176.25,1920,69.389625
752,Sweden,19,2,0,168.3,1920,66.25971
826,United Kingdom of Great Britain and Northern Ireland,19,2,0,171,1920,67.3227
300,Greece,19,2,0,168.4,1920,66.29908
380,Italy,19,2,0,167.3,1920,65.86601
620,Portugal,19,2,0,164.88,1920,64.913256
705,Slovenia,19,2,0,173.7,1920,68.38569
724,Spain,19,2,0,165.6,1920,65.19672
807,The former Yugoslav Republic of Macedonia,19,2,0,169.6,1920,66.77152
203,Czech Republic,19,2,0,173.3,1920,68.22821
643,Russian Federation,19,2,0,167,1920,65.7479
703,Slovakia,19,2,0,171.7,1920,67.59828999999999
124,Canada,19,2,0,173,1920,68.1101
840,United States of America,19,2,0,173.1,1920,68.14947
332,Haiti,19,2,0,166.9,1920,65.70853
388,Jamaica,19,2,0,167.894,1920,66.0998678
630,Puerto Rico,19,2,0,164.02,1920,64.574674
320,Guatemala,19,2,0,158.7,1920,62.48018999999999
484,Mexico,19,2,0,161.12,1920,63.432944
32,Argentina,19,2,0,169,1920,66.53529999999999
76,Brazil,19,2,0,166.6,1920,65.59042
170,Colombia,19,2,0,164.655,1920,64.8246735
53,Australia and New Zealand,19,2,0,172.846,1920,68.0494702
36,Australia,19,2,0,172.846,1920,68.0494702
598,Papua New Guinea,19,2,0,155.603,1920,61.260901100000005
356,India,19,2,0,163.465,1920,64.3561705
586,Pakistan,19,2,0,167.887,1920,66.0971119
144,Sri Lanka,19,2,0,163.885,1920,64.5215245
156,China,19,2,0,164.2,1920,64.64554
392,Japan,19,2,0,160.7,1920,63.26758999999999
NA,Taiwan,19,2,0,166.85,1920,65.688845
116,Cambodia,19,2,0,158.5,1920,62.40145
360,Indonesia,19,2,0,160.93,1920,63.358141
NA,Indonesia (until 1999),19,2,0,160.93,1920,63.358141
418,Lao People's Democratic Republic,19,2,0,159.7,1920,62.873889999999996
104,Myanmar,19,2,0,160.103,1920,63.0325511
764,Thailand,19,2,0,161.33,1920,63.515621
704,Viet Nam,19,2,0,157.5,1920,62.00775
792,Turkey,19,2,0,169.3,1920,66.65341000000001
398,Kazakhstan,19,2,0,166,1920,65.3542
417,Kyrgyzstan,19,2,0,166.2,1920,65.43293999999999
795,Turkmenistan,19,2,0,167.5,1920,65.94475
860,Uzbekistan,19,2,0,165.047,1920,64.9790039
12,Algeria,19,2,0,166.241,1920,65.44908170000001
818,Egypt,19,2,0,165.11,1920,65.00380700000001
434,Libya,19,2,0,165.11,1920,65.00380700000001
729,Sudan (North),19,2,0,170.985,1920,67.3167945
736,Sudan (until 2011),19,2,0,170.985,1920,67.3167945
204,Benin,19,2,0,168.127,1920,66.1915999
854,Burkina Faso,19,2,0,172.4,1920,67.87388
384,Cote d'Ivoire,19,2,0,166.7,1920,65.62979
270,Gambia,19,2,0,166.6,1920,65.59042
288,Ghana,19,2,0,167.1,1920,65.78726999999999
324,Guinea,19,2,0,168.593,1920,66.37506409999999
624,Guinea-Bissau,19,2,0,166.096,1920,65.3919952
430,Liberia,19,2,0,167.59,1920,65.980183
466,Mali,19,2,0,171.605,1920,67.56088849999999
478,Mauritania,19,2,0,169.227,1920,66.6246699
562,Niger,19,2,0,171.412,1920,67.4849044
566,Nigeria,19,2,0,165.6,1920,65.19672
686,Senegal,19,2,0,171.561,1920,67.5435657
694,Sierra Leone,19,2,0,166.961,1920,65.7325457
768,Togo,19,2,0,168.352,1920,66.2801824
24,Angola,19,2,0,165.7,1920,65.23608999999999
120,Cameroon,19,2,0,166.657,1920,65.6128609
140,Central African Republic,19,2,0,163.573,1920,64.3986901
148,Chad,19,2,0,169.379,1920,66.6845123
178,Congo,19,2,0,165.395,1920,65.1160115
180,Democratic Republic of the Congo,19,2,0,163.146,1920,64.23058019999999
266,Gabon,19,2,0,164.311,1920,64.6892407
710,South Africa,19,2,0,169.214,1920,66.6195518
108,Burundi,19,2,0,166.14,1920,65.409318
230,Ethiopia (until 1993),19,2,0,166.636,1920,65.6045932
231,Ethiopia (from 1993),19,2,0,166.636,1920,65.6045932
404,Kenya,19,2,0,167.698,1920,66.0227026
450,Madagascar,19,2,0,163.45,1920,64.350265
454,Malawi,19,2,0,168.42,1920,66.30695399999999
508,Mozambique,19,2,0,168.639,1920,66.3931743
646,Rwanda,19,2,0,171.566,1920,67.5455342
706,Somalia,19,2,0,168.69,1920,66.413253
800,Uganda,19,2,0,167.486,1920,65.93923819999999
834,United Republic of Tanzania,19,2,0,165.788,1920,65.27073560000001
280,Federal Republic of Germany (until 1990),19,3,0,174,1930,68.5038
250,France,19,3,0,169.9,1930,66.88963
276,Germany,19,3,0,174,1930,68.5038
528,Netherlands,19,3,0,174.1,1930,68.54317
756,Switzerland,19,3,0,171.3,1930,67.44081
208,Denmark,19,3,0,173.9,1930,68.46443000000001
246,Finland,19,3,0,172.5,1930,67.91325
372,Ireland,19,3,0,173.253,1930,68.20970609999999
578,Norway,19,3,0,176.9,1930,69.64553000000001
752,Sweden,19,3,0,175.5,1930,69.09435
826,United Kingdom of Great Britain and Northern Ireland,19,3,0,173.87,1930,68.452619
191,Croatia,19,3,0,176.1,1930,69.33057
300,Greece,19,3,0,167.5,1930,65.94475
380,Italy,19,3,0,168.1,1930,66.18097
620,Portugal,19,3,0,165.57,1930,65.18490899999999
724,Spain,19,3,0,165.2,1930,65.03923999999999
807,The former Yugoslav Republic of Macedonia,19,3,0,168.8,1930,66.45656000000001
100,Bulgaria,19,3,0,171.7,1930,67.59828999999999
203,Czech Republic,19,3,0,175.7,1930,69.17308999999999
616,Poland,19,3,0,173,1930,68.1101
643,Russian Federation,19,3,0,167.9,1930,66.10223
703,Slovakia,19,3,0,173.3,1930,68.22821
124,Canada,19,3,0,172.7,1930,67.99199
840,United States of America,19,3,0,173.4,1930,68.26758
332,Haiti,19,3,0,166.707,1930,65.6325459
388,Jamaica,19,3,0,169.672,1930,66.7998664
630,Puerto Rico,19,3,0,163.66,1930,64.432942
320,Guatemala,19,3,0,158.7,1930,62.48018999999999
484,Mexico,19,3,0,165.5,1930,65.15735
32,Argentina,19,3,0,169.8,1930,66.85026
68,Bolivia (Plurinational State of),19,3,0,162.5,1930,63.97625
76,Brazil,19,3,0,167,1930,65.7479
170,Colombia,19,3,0,165.465,1930,65.1435705
600,Paraguay,19,3,0,165.363,1930,65.1034131
604,Peru,19,3,0,159.749,1930,62.893181299999995
858,Uruguay,19,3,0,168.1,1930,66.18097
554,New Zealand,19,3,0,174.625,1930,68.7498625
598,Papua New Guinea,19,3,0,152.432,1930,60.01247839999999
4,Afghanistan,19,3,0,166.8,1930,65.66916
356,India,19,3,0,163.688,1930,64.4439656
524,Nepal,19,3,0,160.9,1930,63.34633
586,Pakistan,19,3,0,163.979,1930,64.55853230000001
156,China,19,3,0,166.5,1930,65.55105
344,"China, Hong Kong Special Administrative Region",19,3,0,167.655,1930,66.0057735
392,Japan,19,3,0,161.43,1930,63.554991
496,Mongolia,19,3,0,164.8,1930,64.88176
NA,Taiwan,19,3,0,167.5,1930,65.94475
116,Cambodia,19,3,0,158.4,1930,62.36208
360,Indonesia,19,3,0,160.69,1930,63.263653
NA,Indonesia (until 1999),19,3,0,160.69,1930,63.263653
418,Lao People's Democratic Republic,19,3,0,160.2,1930,63.070739999999994
458,Malaysia,19,3,0,162.5,1930,63.97625
608,Philippines,19,3,0,163.375,1930,64.32073749999999
764,Thailand,19,3,0,161.2,1930,63.464439999999996
704,Viet Nam,19,3,0,158.4,1930,62.36208
48,Bahrain,19,3,0,160.7,1930,63.26758999999999
376,Israel,19,3,0,167.5,1930,65.94475
792,Turkey,19,3,0,169.29,1930,66.649473
398,Kazakhstan,19,3,0,164.4,1930,64.72428000000001
417,Kyrgyzstan,19,3,0,164.5,1930,64.76365
12,Algeria,19,3,0,169,1930,66.53529999999999
729,Sudan (North),19,3,0,167.9,1930,66.10223
736,Sudan (until 2011),19,3,0,167.9,1930,66.10223
204,Benin,19,3,0,168.2,1930,66.22034
854,Burkina Faso,19,3,0,171,1930,67.3227
384,Cote d'Ivoire,19,3,0,167.5,1930,65.94475
288,Ghana,19,3,0,167.65,1930,66.003805
324,Guinea,19,3,0,167.528,1930,65.9557736
624,Guinea-Bissau,19,3,0,169.4,1930,66.69278
430,Liberia,19,3,0,167.235,1930,65.84041950000001
466,Mali,19,3,0,168.5,1930,66.33845
478,Mauritania,19,3,0,170.149,1930,66.9876613
562,Niger,19,3,0,172.7,1930,67.99199
566,Nigeria,19,3,0,164.62,1930,64.810894
686,Senegal,19,3,0,171.109,1930,67.3656133
694,Sierra Leone,19,3,0,165.5,1930,65.15735
24,Angola,19,3,0,166.7,1930,65.62979
120,Cameroon,19,3,0,169.5,1930,66.73215
140,Central African Republic,19,3,0,164,1930,64.5668
148,Chad,19,3,0,170.61,1930,67.169157
178,Congo,19,3,0,164.62,1930,64.810894
180,Democratic Republic of the Congo,19,3,0,167.308,1930,65.8691596
226,Equatorial Guinea,19,3,0,169,1930,66.53529999999999
516,Namibia,19,3,0,171.11,1930,67.36600700000001
710,South Africa,19,3,0,169.984,1930,66.9227008
748,Swaziland,19,3,0,168.812,1930,66.4612844
108,Burundi,19,3,0,169.355,1930,66.6750635
232,Eritrea,19,3,0,164,1930,64.5668
230,Ethiopia (until 1993),19,3,0,167.27,1930,65.85419900000001
231,Ethiopia (from 1993),19,3,0,167.27,1930,65.85419900000001
454,Malawi,19,3,0,165.6,1930,65.19672
508,Mozambique,19,3,0,167.29,1930,65.862073
646,Rwanda,19,3,0,169.321,1930,66.6616777
706,Somalia,19,3,0,172.9,1930,68.07073
800,Uganda,19,3,0,164.892,1930,64.91798039999999
834,United Republic of Tanzania,19,3,0,166.6,1930,65.59042
56,Belgium,19,4,0,174.54,1940,68.716398
280,Federal Republic of Germany (until 1990),19,4,0,175.2,1940,68.97623999999999
250,France,19,4,0,171.7,1940,67.59828999999999
276,Germany,19,4,0,175.2,1940,68.97623999999999
528,Netherlands,19,4,0,177.5,1940,69.88175
208,Denmark,19,4,0,175.9,1940,69.25183
246,Finland,19,4,0,174.8,1940,68.81876
428,Latvia,19,4,0,174.211,1940,68.5868707
440,Lithuania,19,4,0,173.725,1940,68.3955325
578,Norway,19,4,0,177.5,1940,69.88175
752,Sweden,19,4,0,178.5,1940,70.27544999999999
826,United Kingdom of Great Britain and Northern Ireland,19,4,0,174.9,1940,68.85813
300,Greece,19,4,0,169.2,1940,66.61403999999999
380,Italy,19,4,0,169.3,1940,66.65341000000001
620,Portugal,19,4,0,166.385,1940,65.5057745
724,Spain,19,4,0,166.3,1940,65.47231000000001
100,Bulgaria,19,4,0,171.3,1940,67.44081
203,Czech Republic,19,4,0,176.8,1940,69.60616
616,Poland,19,4,0,170.5,1940,67.12585
642,Romania,19,4,0,169.253,1940,66.6349061
643,Russian Federation,19,4,0,169,1940,66.53529999999999
703,Slovakia,19,4,0,172.8,1940,68.03136
124,Canada,19,4,0,174.6,1940,68.74002
840,United States of America,19,4,0,176.1,1940,69.33057
192,Cuba,19,4,0,169.4,1940,66.69278
214,Dominican Republic,19,4,0,167.4,1940,65.90538000000001
388,Jamaica,19,4,0,168.281,1940,66.2522297
188,Costa Rica,19,4,0,166.1,1940,65.39357
484,Mexico,19,4,0,165.8,1940,65.27546000000001
32,Argentina,19,4,0,170.6,1940,67.16521999999999
68,Bolivia (Plurinational State of),19,4,0,163.4,1940,64.33058
76,Brazil,19,4,0,167.1,1940,65.78726999999999
170,Colombia,19,4,0,167.05,1940,65.767585
604,Peru,19,4,0,160.947,1940,63.3648339
598,Papua New Guinea,19,4,0,158.875,1940,62.5490875
356,India,19,4,0,164.049,1940,64.5860913
364,Iran (Islamic Republic of),19,4,0,167.8,1940,66.06286
524,Nepal,19,4,0,162.383,1940,63.930187100000005
586,Pakistan,19,4,0,168.1,1940,66.18097
156,China,19,4,0,167.4,1940,65.90538000000001
344,"China, Hong Kong Special Administrative Region",19,4,0,167.1,1940,65.78726999999999
408,Democratic People's Republic of Korea,19,4,0,166.51,1940,65.554987
392,Japan,19,4,0,162.6,1940,64.01562
410,Republic of Korea,19,4,0,166.51,1940,65.554987
NA,Taiwan,19,4,0,166.8,1940,65.66916
360,Indonesia,19,4,0,160.4,1940,63.149480000000004
NA,Indonesia (until 1999),19,4,0,160.4,1940,63.149480000000004
418,Lao People's Democratic Republic,19,4,0,163.2,1940,64.25184
104,Myanmar,19,4,0,164.8,1940,64.88176
608,Philippines,19,4,0,164.6,1940,64.80302
51,Armenia,19,4,0,167.99,1940,66.137663
48,Bahrain,19,4,0,163.8,1940,64.48806
376,Israel,19,4,0,165.746,1940,65.2542002
400,Jordan,19,4,0,166.053,1940,65.3750661
422,Lebanon,19,4,0,169.352,1940,66.6738824
682,Saudi Arabia,19,4,0,169.2,1940,66.61403999999999
792,Turkey,19,4,0,167.2,1940,65.82664
860,Uzbekistan,19,4,0,170.323,1940,67.0561651
818,Egypt,19,4,0,167.504,1940,65.9463248
504,Morocco,19,4,0,168.107,1940,66.1837259
854,Burkina Faso,19,4,0,172.451,1940,67.8939587
384,Cote d'Ivoire,19,4,0,168.65,1940,66.397505
288,Ghana,19,4,0,168.6,1940,66.37782
624,Guinea-Bissau,19,4,0,168.9,1940,66.49593
466,Mali,19,4,0,170.5,1940,67.12585
562,Niger,19,4,0,171.179,1940,67.3931723
566,Nigeria,19,4,0,167.2,1940,65.82664
686,Senegal,19,4,0,171.861,1940,67.66167569999999
178,Congo,19,4,0,166.88,1940,65.700656
516,Namibia,19,4,0,172.312,1940,67.83923440000001
710,South Africa,19,4,0,168.225,1940,66.2301825
230,Ethiopia (until 1993),19,4,0,168.5,1940,66.33845
231,Ethiopia (from 1993),19,4,0,168.5,1940,66.33845
454,Malawi,19,4,0,166.202,1940,65.4337274
834,United Republic of Tanzania,19,4,0,165.569,1940,65.1845153
894,Zambia,19,4,0,168.063,1940,66.1664031
280,Federal Republic of Germany (until 1990),19,5,0,176.8,1950,69.60616
250,France,19,5,0,173.175,1950,68.17899750000001
276,Germany,19,5,0,176.8,1950,69.60616
528,Netherlands,19,5,0,178.7,1950,70.35418999999999
208,Denmark,19,5,0,179.8,1950,70.78726
246,Finland,19,5,0,178,1950,70.0786
372,Ireland,19,5,0,174.9,1950,68.85813
578,Norway,19,5,0,178.1,1950,70.11797
752,Sweden,19,5,0,179.3,1950,70.59041
826,United Kingdom of Great Britain and Northern Ireland,19,5,0,176,1950,69.2912
191,Croatia,19,5,0,175.1,1950,68.93687
300,Greece,19,5,0,173.7,1950,68.38569
380,Italy,19,5,0,171.3,1950,67.44081
620,Portugal,19,5,0,167.41,1950,65.909317
705,Slovenia,19,5,0,175.8,1950,69.21246000000001
724,Spain,19,5,0,170.8,1950,67.24396
100,Bulgaria,19,5,0,172.9,1950,68.07073
203,Czech Republic,19,5,0,177.7,1950,69.96049
348,Hungary,19,5,0,175.4,1950,69.05498
616,Poland,19,5,0,173.2,1950,68.18884
498,Republic of Moldova,19,5,0,172.007,1950,67.7191559
643,Russian Federation,19,5,0,172,1950,67.7164
124,Canada,19,5,0,177,1950,69.6849
840,United States of America,19,5,0,177.1,1950,69.72426999999999
192,Cuba,19,5,0,169.2,1950,66.61403999999999
214,Dominican Republic,19,5,0,168.1,1950,66.18097
332,Haiti,19,5,0,170.377,1950,67.0774249
320,Guatemala,19,5,0,159.2,1950,62.67704
340,Honduras,19,5,0,163.971,1950,64.5553827
484,Mexico,19,5,0,165.093,1950,64.99711409999999
558,Nicaragua,19,5,0,165.615,1950,65.2026255
32,Argentina,19,5,0,170.8,1950,67.24396
68,Bolivia (Plurinational State of),19,5,0,162.482,1950,63.9691634
76,Brazil,19,5,0,168.2,1950,66.22034
152,Chile,19,5,0,169.64,1950,66.787268
170,Colombia,19,5,0,167.8,1950,66.06286
604,Peru,19,5,0,162.226,1950,63.8683762
50,Bangladesh,19,5,0,161.555,1950,63.604203500000004
356,India,19,5,0,163.542,1950,64.3864854
364,Iran (Islamic Republic of),19,5,0,168.78,1950,66.448686
524,Nepal,19,5,0,161.783,1950,63.693967099999995
156,China,19,5,0,169.2,1950,66.61403999999999
408,Democratic People's Republic of Korea,19,5,0,168.6,1950,66.37782
392,Japan,19,5,0,163.6,1950,64.40932
410,Republic of Korea,19,5,0,168.6,1950,66.37782
NA,Taiwan,19,5,0,168.7,1950,66.41718999999999
116,Cambodia,19,5,0,162.361,1950,63.9215257
360,Indonesia,19,5,0,161.65,1950,63.641605
NA,Indonesia (until 1999),19,5,0,161.65,1950,63.641605
31,Azerbaijan,19,5,0,171.216,1950,67.40773920000001
48,Bahrain,19,5,0,164,1950,64.5668
400,Jordan,19,5,0,169.97,1950,66.917189
275,Occupied Palestinian Territory,19,5,0,171,1950,67.3227
682,Saudi Arabia,19,5,0,170.3,1950,67.04711
792,Turkey,19,5,0,166.6,1950,65.59042
398,Kazakhstan,19,5,0,170.3,1950,67.04711
417,Kyrgyzstan,19,5,0,169.8,1950,66.85026
860,Uzbekistan,19,5,0,171.5,1950,67.51955
818,Egypt,19,5,0,170.09,1950,66.964433
504,Morocco,19,5,0,169.012,1950,66.5400244
204,Benin,19,5,0,169.911,1950,66.8939607
854,Burkina Faso,19,5,0,172.226,1950,67.8053762
384,Cote d'Ivoire,19,5,0,170,1950,66.929
288,Ghana,19,5,0,169.49,1950,66.728213
324,Guinea,19,5,0,168.738,1950,66.4321506
624,Guinea-Bissau,19,5,0,168.9,1950,66.49593
430,Liberia,19,5,0,166.975,1950,65.7380575
466,Mali,19,5,0,172.483,1950,67.9065571
562,Niger,19,5,0,170.946,1950,67.3014402
566,Nigeria,19,5,0,168.544,1950,66.3557728
686,Senegal,19,5,0,173.913,1950,68.4695481
768,Togo,19,5,0,170.8,1950,67.24396
120,Cameroon,19,5,0,171.251,1950,67.42151870000001
140,Central African Republic,19,5,0,169.3,1950,66.65341000000001
148,Chad,19,5,0,173.69,1950,68.381753
178,Congo,19,5,0,168.447,1950,66.3175839
180,Democratic Republic of the Congo,19,5,0,168.469,1950,66.3262453
266,Gabon,19,5,0,171.2,1950,67.40144
426,Lesotho,19,5,0,167.97,1950,66.129789
516,Namibia,19,5,0,171.906,1950,67.6793922
710,South Africa,19,5,0,170.1,1950,66.96837
748,Swaziland,19,5,0,169.473,1950,66.7215201
174,Comoros,19,5,0,166.8,1950,65.66916
232,Eritrea,19,5,0,156.7,1950,61.692789999999995
230,Ethiopia (until 1993),19,5,0,166.823,1950,65.6782151
231,Ethiopia (from 1993),19,5,0,166.823,1950,65.6782151
404,Kenya,19,5,0,169.884,1950,66.8833308
450,Madagascar,19,5,0,164.056,1950,64.5888472
454,Malawi,19,5,0,166.617,1950,65.5971129
508,Mozambique,19,5,0,165.967,1950,65.3412079
646,Rwanda,19,5,0,168.887,1950,66.4908119
800,Uganda,19,5,0,169.822,1950,66.8589214
834,United Republic of Tanzania,19,5,0,166.195,1950,65.4309715
894,Zambia,19,5,0,169.635,1950,66.7852995
716,Zimbabwe,19,5,0,170.988,1950,67.3179756
40,Austria,19,6,0,177,1960,69.6849
56,Belgium,19,6,0,176.8,1960,69.60616
280,Federal Republic of Germany (until 1990),19,6,0,178.9,1960,70.43293
250,France,19,6,0,174.9,1960,68.85813
276,Germany,19,6,0,178.9,1960,70.43293
528,Netherlands,19,6,0,182.2,1960,71.73214
208,Denmark,19,6,0,180.2,1960,70.94474
233,Estonia,19,6,0,174.1,1960,68.54317
246,Finland,19,6,0,179.3,1960,70.59041
372,Ireland,19,6,0,175.8,1960,69.21246000000001
578,Norway,19,6,0,179.3,1960,70.59041
752,Sweden,19,6,0,180.1,1960,70.90536999999999
826,United Kingdom of Great Britain and Northern Ireland,19,6,0,176.9,1960,69.64553000000001
191,Croatia,19,6,0,178.2,1960,70.15733999999999
300,Greece,19,6,0,177.6,1960,69.92112
380,Italy,19,6,0,173,1960,68.1101
620,Portugal,19,6,0,169.24,1960,66.629788
688,Serbia,19,6,0,175.8,1960,69.21246000000001
891,Serbia and Montenegro (until 2006),19,6,0,175.8,1960,69.21246000000001
724,Spain,19,6,0,174.2,1960,68.58254
200,Czechoslovakia (until 1993),19,6,0,175.8,1960,69.21246000000001
348,Hungary,19,6,0,178.2,1960,70.15733999999999
616,Poland,19,6,0,175.3,1960,69.01561000000001
498,Republic of Moldova,19,6,0,172.813,1960,68.0364781
643,Russian Federation,19,6,0,173.6,1960,68.34631999999999
124,Canada,19,6,0,178.3,1960,70.19671000000001
840,United States of America,19,6,0,177.3,1960,69.80301
214,Dominican Republic,19,6,0,169,1960,66.53529999999999
332,Haiti,19,6,0,171.064,1960,67.3478968
320,Guatemala,19,6,0,159.8,1960,62.91326
340,Honduras,19,6,0,164.15,1960,64.625855
484,Mexico,19,6,0,166.365,1960,65.4979005
558,Nicaragua,19,6,0,165.902,1960,65.3156174
68,Bolivia (Plurinational State of),19,6,0,163.182,1960,64.2447534
76,Brazil,19,6,0,169,1960,66.53529999999999
170,Colombia,19,6,0,168.5,1960,66.33845
604,Peru,19,6,0,163.056,1960,64.19514720000001
53,Australia and New Zealand,19,6,0,176.3,1960,69.40931
36,Australia,19,6,0,176.3,1960,69.40931
50,Bangladesh,19,6,0,162.15,1960,63.838455
356,India,19,6,0,163.883,1960,64.5207371
364,Iran (Islamic Republic of),19,6,0,169.14,1960,66.590418
524,Nepal,19,6,0,162.459,1960,63.9601083
156,China,19,6,0,170,1960,66.929
408,Democratic People's Republic of Korea,19,6,0,170.7,1960,67.20459
392,Japan,19,6,0,165.7,1960,65.23608999999999
410,Republic of Korea,19,6,0,170.7,1960,67.20459
NA,Taiwan,19,6,0,169.7,1960,66.81089
116,Cambodia,19,6,0,162.84,1960,64.110108
360,Indonesia,19,6,0,162.41,1960,63.940816999999996
NA,Indonesia (until 1999),19,6,0,162.41,1960,63.940816999999996
51,Armenia,19,6,0,170.601,1960,67.1656137
31,Azerbaijan,19,6,0,171.734,1960,67.6116758
400,Jordan,19,6,0,170.317,1960,67.05380290000001
275,Occupied Palestinian Territory,19,6,0,172,1960,67.7164
682,Saudi Arabia,19,6,0,170.8,1960,67.24396
792,Turkey,19,6,0,167.4,1960,65.90538000000001
398,Kazakhstan,19,6,0,171.4,1960,67.48018
417,Kyrgyzstan,19,6,0,169.8,1960,66.85026
860,Uzbekistan,19,6,0,171.2,1960,67.40144
818,Egypt,19,6,0,170.632,1960,67.1778184
504,Morocco,19,6,0,169.913,1960,66.8947481
204,Benin,19,6,0,170.688,1960,67.1998656
854,Burkina Faso,19,6,0,172.798,1960,68.0305726
384,Cote d'Ivoire,19,6,0,171.3,1960,67.44081
288,Ghana,19,6,0,169.771,1960,66.8388427
324,Guinea,19,6,0,169.621,1960,66.7797877
430,Liberia,19,6,0,168.648,1960,66.3967176
466,Mali,19,6,0,172.727,1960,68.0026199
562,Niger,19,6,0,171.44,1960,67.49592799999999
566,Nigeria,19,6,0,169.769,1960,66.83805530000001
686,Senegal,19,6,0,174.091,1960,68.5396267
768,Togo,19,6,0,170.6,1960,67.16521999999999
120,Cameroon,19,6,0,171.519,1960,67.5270303
140,Central African Republic,19,6,0,170.8,1960,67.24396
148,Chad,19,6,0,174.3,1960,68.62191
178,Congo,19,6,0,169.376,1960,66.6833312
180,Democratic Republic of the Congo,19,6,0,168.32,1960,66.267584
266,Gabon,19,6,0,170.7,1960,67.20459
426,Lesotho,19,6,0,168.269,1960,66.2475053
516,Namibia,19,6,0,172.076,1960,67.7463212
710,South Africa,19,6,0,169.5,1960,66.73215
748,Swaziland,19,6,0,169.884,1960,66.8833308
174,Comoros,19,6,0,167,1960,65.7479
232,Eritrea,19,6,0,155.75,1960,61.318775
230,Ethiopia (until 1993),19,6,0,167.512,1960,65.9494744
231,Ethiopia (from 1993),19,6,0,167.512,1960,65.9494744
404,Kenya,19,6,0,170.745,1960,67.2223065
450,Madagascar,19,6,0,164.954,1960,64.9423898
454,Malawi,19,6,0,167.089,1960,65.7829393
508,Mozambique,19,6,0,166.269,1960,65.4601053
646,Rwanda,19,6,0,168.804,1960,66.4581348
800,Uganda,19,6,0,170.087,1960,66.96325189999999
834,United Republic of Tanzania,19,6,0,167.167,1960,65.8136479
894,Zambia,19,6,0,169.719,1960,66.8183703
716,Zimbabwe,19,6,0,171.076,1960,67.3526212
40,Austria,19,7,0,177.5,1970,69.88175
280,Federal Republic of Germany (until 1990),19,7,0,179.4,1970,70.62978
250,France,19,7,0,175.1,1970,68.93687
276,Germany,19,7,0,179.4,1970,70.62978
528,Netherlands,19,7,0,182.3,1970,71.77151
208,Denmark,19,7,0,180.8,1970,71.18096
233,Estonia,19,7,0,179.6,1970,70.70852
246,Finland,19,7,0,177.5,1970,69.88175
372,Ireland,19,7,0,176.4,1970,69.44868
578,Norway,19,7,0,179.5,1970,70.66915
752,Sweden,19,7,0,180,1970,70.866
826,United Kingdom of Great Britain and Northern Ireland,19,7,0,177.1,1970,69.72426999999999
380,Italy,19,7,0,174.1,1970,68.54317
620,Portugal,19,7,0,171.38,1970,67.472306
705,Slovenia,19,7,0,179.2,1970,70.55104
724,Spain,19,7,0,175.2,1970,68.97623999999999
203,Czech Republic,19,7,0,178.7,1970,70.35418999999999
348,Hungary,19,7,0,178.8,1970,70.39356000000001
498,Republic of Moldova,19,7,0,173.535,1970,68.3207295
643,Russian Federation,19,7,0,177,1970,69.6849
124,Canada,19,7,0,178.8,1970,70.39356000000001
840,United States of America,19,7,0,178.3,1970,70.19671000000001
214,Dominican Republic,19,7,0,168.8,1970,66.45656000000001
332,Haiti,19,7,0,171.254,1970,67.42269979999999
320,Guatemala,19,7,0,160.3,1970,63.110110000000006
340,Honduras,19,7,0,164.634,1970,64.8164058
558,Nicaragua,19,7,0,166.159,1970,65.4167983
68,Bolivia (Plurinational State of),19,7,0,163.886,1970,64.5219182
76,Brazil,19,7,0,171.6,1970,67.55892
170,Colombia,19,7,0,168.9,1970,66.49593
328,Guyana,19,7,0,167.2,1970,65.82664
604,Peru,19,7,0,163.931,1970,64.53963470000001
53,Australia and New Zealand,19,7,0,178.4,1970,70.23608
36,Australia,19,7,0,178.4,1970,70.23608
356,India,19,7,0,164.294,1970,64.68254780000001
364,Iran (Islamic Republic of),19,7,0,170.85,1970,67.263645
524,Nepal,19,7,0,162.71,1970,64.058927
156,China,19,7,0,170,1970,66.929
408,Democratic People's Republic of Korea,19,7,0,171.9,1970,67.67703
392,Japan,19,7,0,166.8,1970,65.66916
410,Republic of Korea,19,7,0,171.9,1970,67.67703
NA,Taiwan,19,7,0,170.5,1970,67.12585
116,Cambodia,19,7,0,162.674,1970,64.0447538
360,Indonesia,19,7,0,163.11,1970,64.216407
NA,Indonesia (until 1999),19,7,0,163.11,1970,64.216407
702,Singapore,19,7,0,172.2,1970,67.79513999999999
51,Armenia,19,7,0,171.749,1970,67.6175813
31,Azerbaijan,19,7,0,172.039,1970,67.73175429999999
400,Jordan,19,7,0,170.53,1970,67.137661
275,Occupied Palestinian Territory,19,7,0,172.5,1970,67.91325
682,Saudi Arabia,19,7,0,172.3,1970,67.83451000000001
792,Turkey,19,7,0,168.6,1970,66.37782
398,Kazakhstan,19,7,0,171.3,1970,67.44081
417,Kyrgyzstan,19,7,0,170.6,1970,67.16521999999999
860,Uzbekistan,19,7,0,172,1970,67.7164
818,Egypt,19,7,0,171.248,1970,67.4203376
504,Morocco,19,7,0,170.239,1970,67.0230943
788,Tunisia,19,7,0,165.3,1970,65.07861
204,Benin,19,7,0,170.286,1970,67.0415982
854,Burkina Faso,19,7,0,172.844,1970,68.0486828
384,Cote d'Ivoire,19,7,0,171.2,1970,67.40144
288,Ghana,19,7,0,169.926,1970,66.89986619999999
324,Guinea,19,7,0,169.712,1970,66.8156144
430,Liberia,19,7,0,168.472,1970,66.32742640000001
466,Mali,19,7,0,172.503,1970,67.91443109999999
562,Niger,19,7,0,171.35,1970,67.460495
566,Nigeria,19,7,0,169.654,1970,66.79277979999999
686,Senegal,19,7,0,174.736,1970,68.7935632
694,Sierra Leone,19,7,0,167.4,1970,65.90538000000001
768,Togo,19,7,0,170.5,1970,67.12585
120,Cameroon,19,7,0,171.585,1970,67.5530145
140,Central African Republic,19,7,0,169.9,1970,66.88963
148,Chad,19,7,0,173.8,1970,68.42506
178,Congo,19,7,0,169.036,1970,66.5494732
180,Democratic Republic of the Congo,19,7,0,169.049,1970,66.5545913
266,Gabon,19,7,0,170.5,1970,67.12585
426,Lesotho,19,7,0,168.535,1970,66.35222949999999
516,Namibia,19,7,0,172.242,1970,67.8116754
710,South Africa,19,7,0,168.9,1970,66.49593
748,Swaziland,19,7,0,170.493,1970,67.1230941
174,Comoros,19,7,0,167,1970,65.7479
232,Eritrea,19,7,0,156,1970,61.4172
230,Ethiopia (until 1993),19,7,0,167.49,1970,65.940813
231,Ethiopia (from 1993),19,7,0,167.49,1970,65.940813
404,Kenya,19,7,0,170.902,1970,67.2841174
450,Madagascar,19,7,0,163.884,1970,64.5211308
454,Malawi,19,7,0,166.729,1970,65.6412073
508,Mozambique,19,7,0,165.547,1970,65.17585389999999
646,Rwanda,19,7,0,167.908,1970,66.10537959999999
800,Uganda,19,7,0,169.612,1970,66.7762444
834,United Republic of Tanzania,19,7,0,167.805,1970,66.0648285
894,Zambia,19,7,0,168.932,1970,66.50852839999999
716,Zimbabwe,19,7,0,171.34,1970,67.456558
40,Austria,19,8,0,178.8,1980,70.39356000000001
280,Federal Republic of Germany (until 1990),19,8,0,180.5,1980,71.06285
250,France,19,8,0,176.5,1980,69.48805
276,Germany,19,8,0,180.5,1980,71.06285
528,Netherlands,19,8,0,182.7,1980,71.92899
208,Denmark,19,8,0,183.2,1980,72.12584
233,Estonia,19,8,0,179.1,1980,70.51167
246,Finland,19,8,0,178.2,1980,70.15733999999999
372,Ireland,19,8,0,176.6,1980,69.52741999999999
578,Norway,19,8,0,179.7,1980,70.74789
752,Sweden,19,8,0,180.4,1980,71.02348
826,United Kingdom of Great Britain and Northern Ireland,19,8,0,176.83,1980,69.617971
300,Greece,19,8,0,177.3,1980,69.80301
380,Italy,19,8,0,174.48,1980,68.692776
620,Portugal,19,8,0,172.13,1980,67.76758099999999
724,Spain,19,8,0,175.6,1980,69.13372
112,Belarus,19,8,0,176.4,1980,69.44868
616,Poland,19,8,0,177.4,1980,69.84238
498,Republic of Moldova,19,8,0,174.225,1980,68.5923825
643,Russian Federation,19,8,0,177,1980,69.6849
124,Canada,19,8,0,179.6,1980,70.70852
840,United States of America,19,8,0,179,1980,70.4723
332,Haiti,19,8,0,171.494,1980,67.5171878
388,Jamaica,19,8,0,173.6,1980,68.34631999999999
780,Trinidad and Tobago,19,8,0,174.4,1980,68.66128
188,Costa Rica,19,8,0,173.6,1980,68.34631999999999
320,Guatemala,19,8,0,160.8,1980,63.306960000000004
340,Honduras,19,8,0,164.663,1980,64.8278231
484,Mexico,19,8,0,167.806,1980,66.06522220000001
558,Nicaragua,19,8,0,166.4,1980,65.51168
591,Panama,19,8,0,170,1980,66.929
68,Bolivia (Plurinational State of),19,8,0,164.191,1980,64.641996700000007
76,Brazil,19,8,0,171.7,1980,67.59828999999999
152,Chile,19,8,0,173.1,1980,68.14947
170,Colombia,19,8,0,170.6,1980,67.16521999999999
328,Guyana,19,8,0,170.5,1980,67.12585
604,Peru,19,8,0,164.236,1980,64.6597132
598,Papua New Guinea,19,8,0,160.9,1980,63.34633
50,Bangladesh,19,8,0,162.377,1980,63.927824900000005
356,India,19,8,0,164.437,1980,64.7388469
364,Iran (Islamic Republic of),19,8,0,172.37,1980,67.862069
524,Nepal,19,8,0,162.953,1980,64.1545961
144,Sri Lanka,19,8,0,165.8,1980,65.27546000000001
156,China,19,8,0,171.5,1980,67.51955
408,Democratic People's Republic of Korea,19,8,0,173.8,1980,68.42506
392,Japan,19,8,0,171.66,1980,67.582542
410,Republic of Korea,19,8,0,173.8,1980,68.42506
116,Cambodia,19,8,0,162.453,1980,63.9577461
360,Indonesia,19,8,0,164.01,1980,64.570737
NA,Indonesia (until 1999),19,8,0,164.01,1980,64.570737
418,Lao People's Democratic Republic,19,8,0,165.2,1980,65.03923999999999
104,Myanmar,19,8,0,161.3,1980,63.50381
608,Philippines,19,8,0,165.6,1980,65.19672
704,Viet Nam,19,8,0,160,1980,62.992
51,Armenia,19,8,0,171.653,1980,67.57978609999999
31,Azerbaijan,19,8,0,172.153,1980,67.77663609999999
400,Jordan,19,8,0,170.29,1980,67.043173
784,United Arab Emirates,19,8,0,169.05,1980,66.554985
886,Yemen (until 1990),19,8,0,167.6,1980,65.98411999999999
887,Yemen,19,8,0,167.6,1980,65.98411999999999
818,Egypt,19,8,0,171.283,1980,67.4341171
504,Morocco,19,8,0,170.29,1980,67.043173
204,Benin,19,8,0,169.163,1980,66.5994731
854,Burkina Faso,19,8,0,172.829,1980,68.0427773
132,Cape Verde,19,8,0,168.986,1980,66.5297882
384,Cote d'Ivoire,19,8,0,171,1980,67.3227
288,Ghana,19,8,0,170.005,1980,66.93096849999999
324,Guinea,19,8,0,169.49,1980,66.728213
430,Liberia,19,8,0,167.264,1980,65.8518368
466,Mali,19,8,0,172.238,1980,67.8101006
562,Niger,19,8,0,170.651,1980,67.1852987
566,Nigeria,19,8,0,169.503,1980,66.73333109999999
686,Senegal,19,8,0,174.254,1980,68.60379979999999
694,Sierra Leone,19,8,0,165.8,1980,65.27546000000001
768,Togo,19,8,0,167.7,1980,66.02349
120,Cameroon,19,8,0,170.967,1980,67.3097079
148,Chad,19,8,0,173.3,1980,68.22821
178,Congo,19,8,0,168.369,1980,66.2868753
180,Democratic Republic of the Congo,19,8,0,167.542,1980,65.9612854
266,Gabon,19,8,0,169.7,1980,66.81089
72,Botswana,19,8,0,167.1,1980,65.78726999999999
426,Lesotho,19,8,0,167.386,1980,65.8998682
516,Namibia,19,8,0,171.343,1980,67.4577391
710,South Africa,19,8,0,168.1,1980,66.18097
748,Swaziland,19,8,0,170.238,1980,67.0227006
262,Djibouti,19,8,0,168.893,1980,66.4931741
230,Ethiopia (until 1993),19,8,0,167.253,1980,65.84750609999999
231,Ethiopia (from 1993),19,8,0,167.253,1980,65.84750609999999
404,Kenya,19,8,0,171.221,1980,67.4097077
450,Madagascar,19,8,0,162.874,1980,64.12349379999999
454,Malawi,19,8,0,166.244,1980,65.4502628
508,Mozambique,19,8,0,165.15,1980,65.019555
646,Rwanda,19,8,0,167.162,1980,65.8116794
800,Uganda,19,8,0,169.274,1980,66.6431738
834,United Republic of Tanzania,19,8,0,166.861,1980,65.6931757
894,Zambia,19,8,0,168.194,1980,66.2179778
716,Zimbabwe,19,8,0,171.004,1980,67.3242748
